4
10 50
20 40
30 49
1 100

5
10 15
10 25
40 50
45 55
43 56


4
10 30
40 70
20 50
40 90

5
10 31
20 30
32 50
40 70
23 60

7
5 15
10 35
20 45
30 40
1 76
25 90
43 78

11
5 15
7 17
9 19
20 30
22 32
24 34
40 50
42 52
44 54
3 70
6 53

10
5 15
7 17
9 19
20 30
22 32
24 54
40 50
42 52
3 70
6 53

//példa arra, hogy nem feltétlen az első lane csúcspontjai maradnak a végére
11
5 25
30 50
55 75
80 100
17 38
20 35
42 63
45 60
67 88
70 85
92 110

//Disconnected
5
10 20
21 30
31 40
41 50
51 60

7
10 20
21 30
31 40
41 50
51 60
5 70
4 65

//change tactic
6
5 15
10 30
14 25
22 40
35 45
42 55

//minVerticesToBeRemovedToGainMaximumCi
10
10 100
45 50
51 55
56 60
65 70
11 30
12 31
13 41
14 20
25 29

7
10 20
22 40
38 50
45 76
46 77
60 75
78 90
